parameter testing
1 1 0.100000 0.100000 1.000000 0 0
1 1 1.500000 0.100000 0.100000 10 1
2 1 1.500000 0.100000 0.100000 15 2
3 1 1.500000 0.100000 0.100000 20 1
4 1 1.500000 0.100000 0.100000 30 2
5 1 1.500000 0.100000 10.000000 1 0
6 1 1.500000 0.100000 10.000000 10 2
7 1 1.500000 0.100000 10.000000 15 1
8 1 1.500000 0.100000 10.000000 20 2
9 1 1.500000 0.100000 10.000000 30 1
10 1 1.500000 0.100000 20.000000 1 1
11 1 1.500000 0.100000 20.000000 10 1
12 1 1.500000 0.100000 20.000000 15 1
13 1 1.500000 0.100000 20.000000 20 2
14 1 1.500000 0.100000 20.000000 30 1
15 1 1.500000 5.000000 0.100000 1 1
16 1 1.500000 5.000000 0.100000 10 1
17 1 1.500000 5.000000 0.100000 15 1
18 1 1.500000 5.000000 0.100000 20 2
19 1 1.500000 5.000000 0.100000 30 1
20 1 1.500000 5.000000 10.000000 1 1
21 1 1.500000 5.000000 10.000000 10 1
22 1 1.500000 5.000000 10.000000 15 2
23 1 1.500000 5.000000 10.000000 20 1
24 1 1.500000 5.000000 10.000000 30 2
25 1 1.500000 5.000000 20.000000 1 0
26 1 1.500000 5.000000 20.000000 10 2
27 1 1.500000 5.000000 20.000000 15 1
28 1 1.500000 5.000000 20.000000 20 2
29 1 1.500000 5.000000 20.000000 30 1
30 1 1.500000 10.000000 0.100000 1 1
31 1 1.500000 10.000000 0.100000 10 1
32 1 1.500000 10.000000 0.100000 15 1
33 1 1.500000 10.000000 0.100000 20 3
34 1 1.500000 10.000000 0.100000 30 3
35 1 1.500000 10.000000 10.000000 1 1
36 1 1.500000 10.000000 10.000000 10 6
37 1 1.500000 10.000000 10.000000 15 2
38 1 1.500000 10.000000 10.000000 20 3
39 1 1.500000 10.000000 10.000000 30 2
40 1 1.500000 10.000000 20.000000 1 1
41 1 1.500000 10.000000 20.000000 10 3
42 1 1.500000 10.000000 20.000000 15 2
43 1 1.500000 10.000000 20.000000 20 3
44 1 1.500000 10.000000 20.000000 30 2
45 1 1.500000 20.000000 0.100000 1 2
46 1 1.500000 20.000000 0.100000 10 4
47 1 1.500000 20.000000 0.100000 15 2
48 1 1.500000 20.000000 0.100000 20 2
49 1 1.500000 20.000000 0.100000 30 1
50 1 1.500000 20.000000 10.000000 1 1
51 1 1.500000 20.000000 10.000000 10 1
52 1 1.500000 20.000000 10.000000 15 1
53 1 1.500000 20.000000 10.000000 20 2
54 1 1.500000 20.000000 10.000000 30 1
55 1 1.500000 20.000000 20.000000 1 1
56 1 1.500000 20.000000 20.000000 10 1
57 1 1.500000 20.000000 20.000000 15 2
58 1 1.500000 20.000000 20.000000 20 2
59 1 1.500000 20.000000 20.000000 30 1
60 1 1.200000 0.100000 0.100000 1 1
61 1 1.200000 0.100000 0.100000 10 1
62 1 1.200000 0.100000 0.100000 15 1
63 1 1.200000 0.100000 0.100000 20 2
64 1 1.200000 0.100000 0.100000 30 1
65 1 1.200000 0.100000 10.000000 1 1
66 1 1.200000 0.100000 10.000000 10 1
67 1 1.200000 0.100000 10.000000 15 2
68 1 1.200000 0.100000 10.000000 20 1
69 1 1.200000 0.100000 10.000000 30 2
70 1 1.200000 0.100000 20.000000 1 0
71 1 1.200000 0.100000 20.000000 10 2
72 1 1.200000 0.100000 20.000000 15 1
73 1 1.200000 0.100000 20.000000 20 1
74 1 1.200000 0.100000 20.000000 30 2
75 1 1.200000 5.000000 0.100000 1 0
76 1 1.200000 5.000000 0.100000 10 2
77 1 1.200000 5.000000 0.100000 15 1
78 1 1.200000 5.000000 0.100000 20 1
79 1 1.200000 5.000000 0.100000 30 2
80 1 1.200000 5.000000 10.000000 1 0
81 1 1.200000 5.000000 10.000000 10 2
82 1 1.200000 5.000000 10.000000 15 1
83 1 1.200000 5.000000 10.000000 20 1
84 1 1.200000 5.000000 10.000000 30 2
85 1 1.200000 5.000000 20.000000 1 0
86 1 1.200000 5.000000 20.000000 10 2
87 1 1.200000 5.000000 20.000000 15 1
88 1 1.200000 5.000000 20.000000 20 1
89 1 1.200000 5.000000 20.000000 30 2
90 1 1.200000 10.000000 0.100000 1 1
91 1 1.200000 10.000000 0.100000 10 1
92 1 1.200000 10.000000 0.100000 15 1
93 1 1.200000 10.000000 0.100000 20 2
94 1 1.200000 10.000000 0.100000 30 1
95 1 1.200000 10.000000 10.000000 1 1
96 1 1.200000 10.000000 10.000000 10 1
97 1 1.200000 10.000000 10.000000 15 1
98 1 1.200000 10.000000 10.000000 20 2
99 1 1.200000 10.000000 10.000000 30 1
100 1 1.200000 10.000000 20.000000 1 1
101 1 1.200000 10.000000 20.000000 10 2
102 1 1.200000 10.000000 20.000000 15 1
103 1 1.200000 10.000000 20.000000 20 1
104 1 1.200000 10.000000 20.000000 30 2
105 1 1.200000 20.000000 0.100000 1 1
106 1 1.200000 20.000000 0.100000 10 1
107 1 1.200000 20.000000 0.100000 15 1
108 1 1.200000 20.000000 0.100000 20 2
109 1 1.200000 20.000000 0.100000 30 2
110 1 1.200000 20.000000 10.000000 1 0
111 1 1.200000 20.000000 10.000000 10 1
112 1 1.200000 20.000000 10.000000 15 2
113 1 1.200000 20.000000 10.000000 20 1
114 1 1.200000 20.000000 10.000000 30 2
115 1 1.200000 20.000000 20.000000 1 0
116 1 1.200000 20.000000 20.000000 10 2
117 1 1.200000 20.000000 20.000000 15 2
118 1 1.200000 20.000000 20.000000 20 1
119 1 1.200000 20.000000 20.000000 30 2
120 1 1.010000 0.100000 0.100000 1 0
121 1 1.010000 0.100000 0.100000 10 2
122 1 1.010000 0.100000 0.100000 15 1
123 1 1.010000 0.100000 0.100000 20 2
124 1 1.010000 0.100000 0.100000 30 8
125 1 1.010000 0.100000 10.000000 1 2
126 1 1.010000 0.100000 10.000000 10 2
127 1 1.010000 0.100000 10.000000 15 1
128 1 1.010000 0.100000 10.000000 20 2
129 1 1.010000 0.100000 10.000000 30 6
130 1 1.010000 0.100000 20.000000 1 3
131 1 1.010000 0.100000 20.000000 10 12
132 1 1.010000 0.100000 20.000000 15 2
133 1 1.010000 0.100000 20.000000 20 1
134 1 1.010000 0.100000 20.000000 30 2
135 1 1.010000 5.000000 0.100000 1 0
136 1 1.010000 5.000000 0.100000 10 2
137 1 1.010000 5.000000 0.100000 15 1
138 1 1.010000 5.000000 0.100000 20 2
139 1 1.010000 5.000000 0.100000 30 1
140 1 1.010000 5.000000 10.000000 1 1
141 1 1.010000 5.000000 10.000000 10 1
142 1 1.010000 5.000000 10.000000 15 2
143 1 1.010000 5.000000 10.000000 20 1
144 1 1.010000 5.000000 10.000000 30 2
145 1 1.010000 5.000000 20.000000 1 0
146 1 1.010000 5.000000 20.000000 10 2
147 1 1.010000 5.000000 20.000000 15 1
148 1 1.010000 5.000000 20.000000 20 2
149 1 1.010000 5.000000 20.000000 30 2
150 1 1.010000 10.000000 0.100000 1 1
151 1 1.010000 10.000000 0.100000 10 1
152 1 1.010000 10.000000 0.100000 15 2
153 1 1.010000 10.000000 0.100000 20 1
154 1 1.010000 10.000000 0.100000 30 2
155 1 1.010000 10.000000 10.000000 1 1
156 1 1.010000 10.000000 10.000000 10 1
157 1 1.010000 10.000000 10.000000 15 2
158 1 1.010000 10.000000 10.000000 20 1
159 1 1.010000 10.000000 10.000000 30 2
160 1 1.010000 10.000000 20.000000 1 1
161 1 1.010000 10.000000 20.000000 10 1
162 1 1.010000 10.000000 20.000000 15 2
163 1 1.010000 10.000000 20.000000 20 1
164 1 1.010000 10.000000 20.000000 30 2
165 1 1.010000 20.000000 0.100000 1 0
166 1 1.010000 20.000000 0.100000 10 2
167 1 1.010000 20.000000 0.100000 15 1
168 1 1.010000 20.000000 0.100000 20 2
169 1 1.010000 20.000000 0.100000 30 2
170 1 1.010000 20.000000 10.000000 1 1
171 1 1.010000 20.000000 10.000000 10 2
172 1 1.010000 20.000000 10.000000 15 2
173 1 1.010000 20.000000 10.000000 20 1
174 1 1.010000 20.000000 10.000000 30 2
175 1 1.010000 20.000000 20.000000 1 0
176 1 1.010000 20.000000 20.000000 10 2
177 1 1.010000 20.000000 20.000000 15 1
178 1 1.010000 20.000000 20.000000 20 1
179 1 1.010000 20.000000 20.000000 30 2
180 10 1.500000 0.100000 0.100000 1 2
181 10 1.500000 0.100000 0.100000 10 3
182 10 1.500000 0.100000 0.100000 15 3
183 10 1.500000 0.100000 0.100000 20 2
184 10 1.500000 0.100000 0.100000 30 3
185 10 1.500000 0.100000 10.000000 1 3
186 10 1.500000 0.100000 10.000000 10 4
187 10 1.500000 0.100000 10.000000 15 4
188 10 1.500000 0.100000 10.000000 20 5
189 10 1.500000 0.100000 10.000000 30 5
190 10 1.500000 0.100000 20.000000 1 2
191 10 1.500000 0.100000 20.000000 10 4
192 10 1.500000 0.100000 20.000000 15 4
193 10 1.500000 0.100000 20.000000 20 4
194 10 1.500000 0.100000 20.000000 30 5
195 10 1.500000 5.000000 0.100000 1 2
196 10 1.500000 5.000000 0.100000 10 2
197 10 1.500000 5.000000 0.100000 15 3
198 10 1.500000 5.000000 0.100000 20 3
199 10 1.500000 5.000000 0.100000 30 3
200 10 1.500000 5.000000 10.000000 1 2
201 10 1.500000 5.000000 10.000000 10 27
202 10 1.500000 5.000000 10.000000 15 28
203 10 1.500000 5.000000 10.000000 20 27
204 10 1.500000 5.000000 10.000000 30 27
205 10 1.500000 5.000000 20.000000 1 2
206 10 1.500000 5.000000 20.000000 10 5
207 10 1.500000 5.000000 20.000000 15 5
208 10 1.500000 5.000000 20.000000 20 5
209 10 1.500000 5.000000 20.000000 30 5
210 10 1.500000 10.000000 0.100000 1 3
211 10 1.500000 10.000000 0.100000 10 3
212 10 1.500000 10.000000 0.100000 15 3
213 10 1.500000 10.000000 0.100000 20 3
214 10 1.500000 10.000000 0.100000 30 3
215 10 1.500000 10.000000 10.000000 1 3
216 10 1.500000 10.000000 10.000000 10 97
217 10 1.500000 10.000000 10.000000 15 100
218 10 1.500000 10.000000 10.000000 20 96
219 10 1.500000 10.000000 10.000000 30 101
220 10 1.500000 10.000000 20.000000 1 2
221 10 1.500000 10.000000 20.000000 10 7
222 10 1.500000 10.000000 20.000000 15 7
223 10 1.500000 10.000000 20.000000 20 9
224 10 1.500000 10.000000 20.000000 30 9
225 10 1.500000 20.000000 0.100000 1 2
226 10 1.500000 20.000000 0.100000 10 2
227 10 1.500000 20.000000 0.100000 15 4
228 10 1.500000 20.000000 0.100000 20 3
229 10 1.500000 20.000000 0.100000 30 3
230 10 1.500000 20.000000 10.000000 1 2
231 10 1.500000 20.000000 10.000000 10 72
232 10 1.500000 20.000000 10.000000 15 67
233 10 1.500000 20.000000 10.000000 20 71
234 10 1.500000 20.000000 10.000000 30 74
235 10 1.500000 20.000000 20.000000 1 2
236 10 1.500000 20.000000 20.000000 10 6
237 10 1.500000 20.000000 20.000000 15 7
238 10 1.500000 20.000000 20.000000 20 6
239 10 1.500000 20.000000 20.000000 30 7
240 10 1.200000 0.100000 0.100000 1 3
241 10 1.200000 0.100000 0.100000 10 4
242 10 1.200000 0.100000 0.100000 15 4
243 10 1.200000 0.100000 0.100000 20 4
244 10 1.200000 0.100000 0.100000 30 5
245 10 1.200000 0.100000 10.000000 1 3
246 10 1.200000 0.100000 10.000000 10 14
247 10 1.200000 0.100000 10.000000 15 15
248 10 1.200000 0.100000 10.000000 20 15
249 10 1.200000 0.100000 10.000000 30 14
250 10 1.200000 0.100000 20.000000 1 3
251 10 1.200000 0.100000 20.000000 10 7
252 10 1.200000 0.100000 20.000000 15 7
253 10 1.200000 0.100000 20.000000 20 7
254 10 1.200000 0.100000 20.000000 30 6
255 10 1.200000 5.000000 0.100000 1 4
256 10 1.200000 5.000000 0.100000 10 3
257 10 1.200000 5.000000 0.100000 15 5
258 10 1.200000 5.000000 0.100000 20 4
259 10 1.200000 5.000000 0.100000 30 4
260 10 1.200000 5.000000 10.000000 1 4
261 10 1.200000 5.000000 10.000000 10 132
262 10 1.200000 5.000000 10.000000 15 148
263 10 1.200000 5.000000 10.000000 20 132
264 10 1.200000 5.000000 10.000000 30 128
265 10 1.200000 5.000000 20.000000 1 3
266 10 1.200000 5.000000 20.000000 10 100
267 10 1.200000 5.000000 20.000000 15 103
268 10 1.200000 5.000000 20.000000 20 110
269 10 1.200000 5.000000 20.000000 30 121
270 10 1.200000 10.000000 0.100000 1 3
271 10 1.200000 10.000000 0.100000 10 4
272 10 1.200000 10.000000 0.100000 15 4
273 10 1.200000 10.000000 0.100000 20 4
274 10 1.200000 10.000000 0.100000 30 5
275 10 1.200000 10.000000 10.000000 1 4
276 10 1.200000 10.000000 10.000000 10 127
277 10 1.200000 10.000000 10.000000 15 124
278 10 1.200000 10.000000 10.000000 20 133
279 10 1.200000 10.000000 10.000000 30 150
280 10 1.200000 10.000000 20.000000 1 4
281 10 1.200000 10.000000 20.000000 10 112
282 10 1.200000 10.000000 20.000000 15 109
283 10 1.200000 10.000000 20.000000 20 110
284 10 1.200000 10.000000 20.000000 30 110
285 10 1.200000 20.000000 0.100000 1 3
286 10 1.200000 20.000000 0.100000 10 4
287 10 1.200000 20.000000 0.100000 15 4
288 10 1.200000 20.000000 0.100000 20 4
289 10 1.200000 20.000000 0.100000 30 5
290 10 1.200000 20.000000 10.000000 1 3
291 10 1.200000 20.000000 10.000000 10 122
292 10 1.200000 20.000000 10.000000 15 126
293 10 1.200000 20.000000 10.000000 20 119
294 10 1.200000 20.000000 10.000000 30 121
295 10 1.200000 20.000000 20.000000 1 3
296 10 1.200000 20.000000 20.000000 10 138
297 10 1.200000 20.000000 20.000000 15 139
298 10 1.200000 20.000000 20.000000 20 144
299 10 1.200000 20.000000 20.000000 30 137
300 10 1.010000 0.100000 0.100000 1 42
301 10 1.010000 0.100000 0.100000 10 46
302 10 1.010000 0.100000 0.100000 15 46
303 10 1.010000 0.100000 0.100000 20 49
304 10 1.010000 0.100000 0.100000 30 43
305 10 1.010000 0.100000 10.000000 1 46
306 10 1.010000 0.100000 10.000000 10 53
307 10 1.010000 0.100000 10.000000 15 54
308 10 1.010000 0.100000 10.000000 20 55
309 10 1.010000 0.100000 10.000000 30 55
310 10 1.010000 0.100000 20.000000 1 48
311 10 1.010000 0.100000 20.000000 10 56
312 10 1.010000 0.100000 20.000000 15 52
313 10 1.010000 0.100000 20.000000 20 59
314 10 1.010000 0.100000 20.000000 30 88
315 10 1.010000 5.000000 0.100000 1 42
316 10 1.010000 5.000000 0.100000 10 44
317 10 1.010000 5.000000 0.100000 15 43
318 10 1.010000 5.000000 0.100000 20 43
319 10 1.010000 5.000000 0.100000 30 46
320 10 1.010000 5.000000 10.000000 1 46
321 10 1.010000 5.000000 10.000000 10 149
322 10 1.010000 5.000000 10.000000 15 150
323 10 1.010000 5.000000 10.000000 20 154
324 10 1.010000 5.000000 10.000000 30 148
325 10 1.010000 5.000000 20.000000 1 41
326 10 1.010000 5.000000 20.000000 10 150
327 10 1.010000 5.000000 20.000000 15 160
328 10 1.010000 5.000000 20.000000 20 149
329 10 1.010000 5.000000 20.000000 30 150
330 10 1.010000 10.000000 0.100000 1 42
331 10 1.010000 10.000000 0.100000 10 43
332 10 1.010000 10.000000 0.100000 15 42
333 10 1.010000 10.000000 0.100000 20 42
334 10 1.010000 10.000000 0.100000 30 47
335 10 1.010000 10.000000 10.000000 1 42
336 10 1.010000 10.000000 10.000000 10 47
337 10 1.010000 10.000000 10.000000 15 42
338 10 1.010000 10.000000 10.000000 20 55
339 10 1.010000 10.000000 10.000000 30 60
340 10 1.010000 10.000000 20.000000 1 45
341 10 1.010000 10.000000 20.000000 10 74
342 10 1.010000 10.000000 20.000000 15 71
343 10 1.010000 10.000000 20.000000 20 71
344 10 1.010000 10.000000 20.000000 30 67
345 10 1.010000 20.000000 0.100000 1 43
346 10 1.010000 20.000000 0.100000 10 42
347 10 1.010000 20.000000 0.100000 15 43
348 10 1.010000 20.000000 0.100000 20 43
349 10 1.010000 20.000000 0.100000 30 44
350 10 1.010000 20.000000 10.000000 1 41
351 10 1.010000 20.000000 10.000000 10 43
352 10 1.010000 20.000000 10.000000 15 43
353 10 1.010000 20.000000 10.000000 20 42
354 10 1.010000 20.000000 10.000000 30 43
355 10 1.010000 20.000000 20.000000 1 43
356 10 1.010000 20.000000 20.000000 10 45
